posi = [0.755710411234833,-0.537917778443445,0.551107939333250;1.22900070163090,0.217736449118372,0.297123447757813;0.794033672930760,-0.550152842588412,4.02083592687795;0.443222780812904,-0.532463976167546,0.797621556576716;0.695343754354847,-0.373290588947560,2.46078650485517;0.678629674814050,-0.735772631042943,2.54082257532009;-0.926210756082661,-0.541592998215227,-12.8906460570543;-0.0415121584354365,0.114842443483584,-12.0627842676600;0.958537529564523,-0.165427313292793,-0.983522442759280;0.420438763578106,-0.384630623315343,-0.675007238499162;0.342371811521491,-0.452791458019780,0.662233682455749;1.02087268825965,-0.550930954724025,2.17356599641437;0.262055058416547,0.164285095653166,-0.884142860137672;0.748794912362171,0.407156153970955,0.237992725758459;0.672066911525533,0.473546380747100,-1.04616865393257;0.735960073481149,0.736300701195509,-2.23157288168287;-1.17514091693293,-0.199172788272722,-0.536773438331139;-0.523590335235683,-0.138490594429483,-0.712389403233744;0.105190200052579,-0.148506411273356,-5.34434811241638;0.248984414125770,1.36937756517507,0.594803448880284;0.404468605851723,-0.544743961758111,-0.415937345051843;0.887486434622795,-0.463393703297095,0.238489447366392;0.504337476544699,0.117691845679805,-1.51802974103493;0.462200507956672,-0.517752238469652,-0.000269956401601323;0.180248567669926,-0.441367565686682,-1.58005470575932;0.375324855529525,-0.233880457502881,-1.77112534228922;0.499718052041122,-0.449834390272638,-1.28933820268999;0.330766842229059,0.171936969717471,-1.23448364668534;0.263149294443746,-0.726183942422754,0.366282739010190;-0.0225926971944894,-0.537064702354816,-0.619943104159474;0.682332040438817,-0.526602387032658,0.163998208732519;0.542344495332296,-0.314860746177025,-2.41968410437228;-0.697794320595646,-0.362694819128586,-0.857324834081016;0.719941011356870,-0.427512308625753,-1.16026075907282;1.06248663042489,-0.0820243990361647,-1.20381668503485;0.806894193590922,0.581974364477857,-0.126720592787965;-0.295917185742084,-0.0998120404294975,-2.75818680823044;0.530395784069751,-0.494729798720453,-0.318041156412579;0.676184431116939,-0.846867450818532,-1.46712104247469;0.363201342141530,-0.911417600351030,-1.22676702524896;0.305835580974961,-0.380214635165222,-0.420394800812752;0.318653623933439,-0.653837852840527,-3.29522041394641;0.762424585590256,-0.646173304921283,-2.67283054193050;0.366818935156849,-0.000384932206804134,1.10400059683145;-0.426302076241285,-0.567460452696362,0.406964850059569;0.214833034870837,-0.0121584946439852,1.14247793149132;0.690012093111770,-0.181381022689044,-1.80161354233643;0.173580599224887,-0.934319066394783,-2.95565563307658;-0.0185370770627170,-0.683346291525545,0.0182811351833214;-0.593666437966471,-0.307200963944947,-0.0455522670362187;0.469045058415598,-0.259574149545463,2.26500760565636;0.705654486906224,-0.197775429523637,1.76505807842829;-0.228745494956267,-0.425674175818460,1.71690075521681;0.349549214316542,-0.567076151725870,-0.981961090564687;0.432330982928844,-0.353340686508109,-2.75257191360428;0.238191144421780,0.485542073630269,0.00988562093433565;0.239535153456931,-0.557804770936684,-1.76911209418717;0.368624980363083,-0.335546843340792,-2.17621658943421;0.111421257327905,-0.934157790587016,0.219645254403867;-0.0719003511586953,-0.911560822400361,-0.891047759500429;0.641486141692430,-0.566198561705074,-1.05296085464872;0.245212735938966,0.229205752931003,0.581105717274078;0.155044724544889,-0.270046381662199,-1.54453692313672;0.403637643688017,0.000595986296199946,-1.98516996997848;0.0152810633711638,-0.645007947487287,-2.33633736586950;0.588622978205593,0.00710534762862514,-1.47928346050548;0.753568444116758,0.0880251703110790,0.194257542782560;0.128011044370645,0.765384938650528,-1.55217333477207;0.00190879052751569,-1.43290777281681,1.06344490956561;-0.173676877869883,-0.301294514504112,-1.57251105375089;0.431684802930536,-0.727593083487211,2.02486340638690;1.28380824472620,0.355399512801386,-2.28929570093178;0.630687124321853,-0.666015308109905,-1.50096444024369;0.190061807416222,-0.639915183175730,0.497958731130913;0.216017509456609,-0.245853105196718,-2.67535805997418;0.00736414643059913,-0.714977785621997,-0.585447097837667;0.737339854493892,0.550604125827471,-1.38801833043019;0.694738113258235,0.593900542683348,-3.13377165322650;-0.744849071907657,-0.469572469164367,-3.78082150348357;-0.333396315387947,0.213722087488124,-15.7015051103443;-0.659889758162713,-0.644040688173412,-0.127034459554208;0.293843623322142,-0.285296022442850,-2.16327082808922;0.637252068414546,-0.205060767038374,-1.31235143863792;0.728077285751319,0.643963722149122,-0.877443811923951;0.849360542670339,-0.155403458544633,-2.56988206109514;0.768744986808251,0.0866783855628907,-3.14714181270085;-0.0655300343269547,-0.173926102503181,-4.26541798192359;0.799298182980044,-0.266763065374496,-0.664372887257078;0.173852499654155,-0.745250624015804,-1.64178277355400;0.765617308253592,-0.0288651879431952,2.05227987138498;-0.394670778640614,-0.495741752860000,-0.946522496460164;0.292620676715640,-0.186900975276941,-1.01571039144926;1.00060931986004,-1.00811256308866,-2.11032535658655;0.607321225342278,-0.168943458174144,0.954062670629707;0.603567188157994,-0.0262261718218688,-3.30956422758126;0.522509154495984,0.306611292540560,-1.39831425294588;0.791028028438028,-0.456758377122887,-1.72521180759225;0.634556528880566,-0.328060479519978,-2.36214017277289;0.122085690158805,-0.454917122437077,-2.67971974268520;0.0216886190660770,0.176609139824311,-0.512982397133236];
